&FCI NORB=  5,NELEC=  2,MS2=0,
 ORBSYM=1,1,1,1,1
 ISYM=1,
 IUHF=1,
&END
 0.1462344262     1     1     2     2
 0.0283069714     1     1     2     5
 0.1351501684     1     1     3     3
 0.1351501684     1     1     4     4
 0.0283069714     1     1     5     2
 0.1432244783     1     1     5     5
 -0.1462344262     1     2     2     1
 0.0023904602     1     2     2     5
 -0.0026557545     1     2     3     3
 -0.0026557545     1     2     4     4
 -0.0283069714     1     2     5     1
 -0.0000903503     1     2     5     5
 -0.1351501684     1     3     3     1
 0.0026557545     1     3     3     2
 0.0047449215     1     3     3     5
 -0.1351501684     1     4     4     1
 0.0026557545     1     4     4     2
 0.0047449215     1     4     4     5
 -0.0283069714     1     5     2     1
 -0.0023904602     1     5     2     2
 -0.0047449215     1     5     3     3
 -0.0047449215     1     5     4     4
 -0.1432244783     1     5     5     1
 0.0000903503     1     5     5     2
 -0.1462344262     2     1     1     2
 -0.0283069714     2     1     1     5
 -0.0026557545     2     1     3     3
 -0.0026557545     2     1     4     4
 0.0023904602     2     1     5     2
 -0.0000903503     2     1     5     5
 0.1462344262     2     2     1     1
 -0.0023904602     2     2     1     5
 0.1156094636     2     2     3     3
 0.1156094636     2     2     4     4
 -0.0023904602     2     2     5     1
 0.1119881926     2     2     5     5
 0.0026557545     2     3     3     1
 -0.1156094636     2     3     3     2
 -0.0092680725     2     3     3     5
 0.0026557545     2     4     4     1
 -0.1156094636     2     4     4     2
 -0.0092680725     2     4     4     5
 0.0283069714     2     5     1     1
 0.0023904602     2     5     1     2
 0.0092680725     2     5     3     3
 0.0092680725     2     5     4     4
 0.0000903503     2     5     5     1
 -0.1119881926     2     5     5     2
 -0.1351501684     3     1     1     3
 0.0026557545     3     1     2     3
 0.0047449215     3     1     5     3
 0.0026557545     3     2     1     3
 -0.1156094636     3     2     2     3
 -0.0092680725     3     2     5     3
 0.1351501684     3     3     1     1
 -0.0026557545     3     3     1     2
 -0.0047449215     3     3     1     5
 -0.0026557545     3     3     2     1
 0.1156094636     3     3     2     2
 0.0092680725     3     3     2     5
 0.1067790416     3     3     4     4
 -0.0047449215     3     3     5     1
 0.0092680725     3     3     5     2
 0.1023534491     3     3     5     5
 -0.1067790416     3     4     4     3
 0.0047449215     3     5     1     3
 -0.0092680725     3     5     2     3
 -0.1023534491     3     5     5     3
 -0.1351501684     4     1     1     4
 0.0026557545     4     1     2     4
 0.0047449215     4     1     5     4
 0.0026557545     4     2     1     4
 -0.1156094636     4     2     2     4
 -0.0092680725     4     2     5     4
 -0.1067790416     4     3     3     4
 0.1351501684     4     4     1     1
 -0.0026557545     4     4     1     2
 -0.0047449215     4     4     1     5
 -0.0026557545     4     4     2     1
 0.1156094636     4     4     2     2
 0.0092680725     4     4     2     5
 0.1067790416     4     4     3     3
 -0.0047449215     4     4     5     1
 0.0092680725     4     4     5     2
 0.1023534491     4     4     5     5
 0.0047449215     4     5     1     4
 -0.0092680725     4     5     2     4
 -0.1023534491     4     5     5     4
 -0.0283069714     5     1     1     2
 -0.1432244783     5     1     1     5
 -0.0023904602     5     1     2     2
 0.0000903503     5     1     2     5
 -0.0047449215     5     1     3     3
 -0.0047449215     5     1     4     4
 0.0283069714     5     2     1     1
 0.0000903503     5     2     1     5
 0.0023904602     5     2     2     1
 -0.1119881926     5     2     2     5
 0.0092680725     5     2     3     3
 0.0092680725     5     2     4     4
 0.0047449215     5     3     3     1
 -0.0092680725     5     3     3     2
 -0.1023534491     5     3     3     5
 0.0047449215     5     4     4     1
 -0.0092680725     5     4     4     2
 -0.1023534491     5     4     4     5
 0.1432244783     5     5     1     1
 -0.0000903503     5     5     1     2
 -0.0000903503     5     5     2     1
 0.1119881926     5     5     2     2
 0.1023534491     5     5     3     3
 0.1023534491     5     5     4     4
0.0 0 0 0 0
 0.1462344262     1     1     2     2
 0.0283069714     1     1     2     5
 0.1351501684     1     1     3     3
 0.1351501684     1     1     4     4
 0.0283069714     1     1     5     2
 0.1432244783     1     1     5     5
 -0.1462344262     1     2     2     1
 0.0023904602     1     2     2     5
 -0.0026557545     1     2     3     3
 -0.0026557545     1     2     4     4
 -0.0283069714     1     2     5     1
 -0.0000903503     1     2     5     5
 -0.1351501684     1     3     3     1
 0.0026557545     1     3     3     2
 0.0047449215     1     3     3     5
 -0.1351501684     1     4     4     1
 0.0026557545     1     4     4     2
 0.0047449215     1     4     4     5
 -0.0283069714     1     5     2     1
 -0.0023904602     1     5     2     2
 -0.0047449215     1     5     3     3
 -0.0047449215     1     5     4     4
 -0.1432244783     1     5     5     1
 0.0000903503     1     5     5     2
 -0.1462344262     2     1     1     2
 -0.0283069714     2     1     1     5
 -0.0026557545     2     1     3     3
 -0.0026557545     2     1     4     4
 0.0023904602     2     1     5     2
 -0.0000903503     2     1     5     5
 0.1462344262     2     2     1     1
 -0.0023904602     2     2     1     5
 0.1156094636     2     2     3     3
 0.1156094636     2     2     4     4
 -0.0023904602     2     2     5     1
 0.1119881926     2     2     5     5
 0.0026557545     2     3     3     1
 -0.1156094636     2     3     3     2
 -0.0092680725     2     3     3     5
 0.0026557545     2     4     4     1
 -0.1156094636     2     4     4     2
 -0.0092680725     2     4     4     5
 0.0283069714     2     5     1     1
 0.0023904602     2     5     1     2
 0.0092680725     2     5     3     3
 0.0092680725     2     5     4     4
 0.0000903503     2     5     5     1
 -0.1119881926     2     5     5     2
 -0.1351501684     3     1     1     3
 0.0026557545     3     1     2     3
 0.0047449215     3     1     5     3
 0.0026557545     3     2     1     3
 -0.1156094636     3     2     2     3
 -0.0092680725     3     2     5     3
 0.1351501684     3     3     1     1
 -0.0026557545     3     3     1     2
 -0.0047449215     3     3     1     5
 -0.0026557545     3     3     2     1
 0.1156094636     3     3     2     2
 0.0092680725     3     3     2     5
 0.1067790416     3     3     4     4
 -0.0047449215     3     3     5     1
 0.0092680725     3     3     5     2
 0.1023534491     3     3     5     5
 -0.1067790416     3     4     4     3
 0.0047449215     3     5     1     3
 -0.0092680725     3     5     2     3
 -0.1023534491     3     5     5     3
 -0.1351501684     4     1     1     4
 0.0026557545     4     1     2     4
 0.0047449215     4     1     5     4
 0.0026557545     4     2     1     4
 -0.1156094636     4     2     2     4
 -0.0092680725     4     2     5     4
 -0.1067790416     4     3     3     4
 0.1351501684     4     4     1     1
 -0.0026557545     4     4     1     2
 -0.0047449215     4     4     1     5
 -0.0026557545     4     4     2     1
 0.1156094636     4     4     2     2
 0.0092680725     4     4     2     5
 0.1067790416     4     4     3     3
 -0.0047449215     4     4     5     1
 0.0092680725     4     4     5     2
 0.1023534491     4     4     5     5
 0.0047449215     4     5     1     4
 -0.0092680725     4     5     2     4
 -0.1023534491     4     5     5     4
 -0.0283069714     5     1     1     2
 -0.1432244783     5     1     1     5
 -0.0023904602     5     1     2     2
 0.0000903503     5     1     2     5
 -0.0047449215     5     1     3     3
 -0.0047449215     5     1     4     4
 0.0283069714     5     2     1     1
 0.0000903503     5     2     1     5
 0.0023904602     5     2     2     1
 -0.1119881926     5     2     2     5
 0.0092680725     5     2     3     3
 0.0092680725     5     2     4     4
 0.0047449215     5     3     3     1
 -0.0092680725     5     3     3     2
 -0.1023534491     5     3     3     5
 0.0047449215     5     4     4     1
 -0.0092680725     5     4     4     2
 -0.1023534491     5     4     4     5
 0.1432244783     5     5     1     1
 -0.0000903503     5     5     1     2
 -0.0000903503     5     5     2     1
 0.1119881926     5     5     2     2
 0.1023534491     5     5     3     3
 0.1023534491     5     5     4     4
0.0 0 0 0 0
 0.4482367913     1     1     1     1
 -0.0388894300     1     1     1     2
 -0.0589250020     1     1     1     5
 -0.0388894300     1     1     2     1
 0.1529036708     1     1     2     2
 0.0364211009     1     1     2     5
 0.1384458045     1     1     3     3
 0.1384458045     1     1     4     4
 -0.0589250020     1     1     5     1
 0.0364211009     1     1     5     2
 0.1557461294     1     1     5     5
 -0.0388894300     1     2     1     1
 0.0098982372     1     2     1     2
 0.0112955466     1     2     1     5
 0.0066692446     1     2     2     1
 0.0053033800     1     2     2     2
 0.0002728924     1     2     2     5
 0.0017999053     1     2     3     3
 0.0017999053     1     2     4     4
 0.0081141295     1     2     5     1
 0.0002625957     1     2     5     2
 -0.0029037953     1     2     5     5
 0.0044466661     1     3     1     3
 0.0042989683     1     3     2     3
 0.0032956361     1     3     3     1
 0.0044556598     1     3     3     2
 0.0035281123     1     3     3     5
 0.0032999849     1     3     5     3
 0.0044466661     1     4     1     4
 0.0042989683     1     4     2     4
 0.0032956361     1     4     4     1
 0.0044556598     1     4     4     2
 0.0035281123     1     4     4     5
 0.0032999849     1     4     5     4
 -0.0589250020     1     5     1     1
 0.0112955466     1     5     1     2
 0.0174844694     1     5     1     5
 0.0081141295     1     5     2     1
 -0.0021175678     1     5     2     2
 -0.0028360248     1     5     2     5
 -0.0012168092     1     5     3     3
 -0.0012168092     1     5     4     4
 0.0125216511     1     5     5     1
 -0.0028134450     1     5     5     2
 -0.0046476711     1     5     5     5
 -0.0388894300     2     1     1     1
 0.0066692446     2     1     1     2
 0.0081141295     2     1     1     5
 0.0098982372     2     1     2     1
 0.0053033800     2     1     2     2
 0.0002625957     2     1     2     5
 0.0017999053     2     1     3     3
 0.0017999053     2     1     4     4
 0.0112955466     2     1     5     1
 0.0002728924     2     1     5     2
 -0.0029037953     2     1     5     5
 0.1529036708     2     2     1     1
 0.0053033800     2     2     1     2
 -0.0021175678     2     2     1     5
 0.0053033800     2     2     2     1
 0.1982486608     2     2     2     2
 0.0238222473     2     2     2     5
 0.1342346443     2     2     3     3
 0.1342346443     2     2     4     4
 -0.0021175678     2     2     5     1
 0.0238222473     2     2     5     2
 0.1274384935     2     2     5     5
 0.0042989683     2     3     1     3
 0.0186305612     2     3     2     3
 0.0044556598     2     3     3     1
 0.0186251807     2     3     3     2
 0.0052570830     2     3     3     5
 0.0052643505     2     3     5     3
 0.0042989683     2     4     1     4
 0.0186305612     2     4     2     4
 0.0044556598     2     4     4     1
 0.0186251807     2     4     4     2
 0.0052570830     2     4     4     5
 0.0052643505     2     4     5     4
 0.0364211009     2     5     1     1
 0.0002728924     2     5     1     2
 -0.0028360248     2     5     1     5
 0.0002625957     2     5     2     1
 0.0238222473     2     5     2     2
 0.0154506675     2     5     2     5
 0.0145251555     2     5     3     3
 0.0145251555     2     5     4     4
 -0.0028134450     2     5     5     1
 0.0154503009     2     5     5     2
 0.0103172085     2     5     5     5
 0.0032956361     3     1     1     3
 0.0044556598     3     1     2     3
 0.0044466661     3     1     3     1
 0.0042989683     3     1     3     2
 0.0032999849     3     1     3     5
 0.0035281123     3     1     5     3
 0.0044556598     3     2     1     3
 0.0186251807     3     2     2     3
 0.0042989683     3     2     3     1
 0.0186305612     3     2     3     2
 0.0052643505     3     2     3     5
 0.0052570830     3     2     5     3
 0.1384458045     3     3     1     1
 0.0017999053     3     3     1     2
 -0.0012168092     3     3     1     5
 0.0017999053     3     3     2     1
 0.1342346443     3     3     2     2
 0.0145251555     3     3     2     5
 0.1300632772     3     3     3     3
 0.1145384695     3     3     4     4
 -0.0012168092     3     3     5     1
 0.0145251555     3     3     5     2
 0.1108407694     3     3     5     5
 0.0077653797     3     4     3     4
 0.0077594279     3     4     4     3
 0.0035281123     3     5     1     3
 0.0052570830     3     5     2     3
 0.0032999849     3     5     3     1
 0.0052643505     3     5     3     2
 0.0085003225     3     5     3     5
 0.0084873203     3     5     5     3
 0.0032956361     4     1     1     4
 0.0044556598     4     1     2     4
 0.0044466661     4     1     4     1
 0.0042989683     4     1     4     2
 0.0032999849     4     1     4     5
 0.0035281123     4     1     5     4
 0.0044556598     4     2     1     4
 0.0186251807     4     2     2     4
 0.0042989683     4     2     4     1
 0.0186305612     4     2     4     2
 0.0052643505     4     2     4     5
 0.0052570830     4     2     5     4
 0.0077594279     4     3     3     4
 0.0077653797     4     3     4     3
 0.1384458045     4     4     1     1
 0.0017999053     4     4     1     2
 -0.0012168092     4     4     1     5
 0.0017999053     4     4     2     1
 0.1342346443     4     4     2     2
 0.0145251555     4     4     2     5
 0.1145384695     4     4     3     3
 0.1300632772     4     4     4     4
 -0.0012168092     4     4     5     1
 0.0145251555     4     4     5     2
 0.1108407694     4     4     5     5
 0.0035281123     4     5     1     4
 0.0052570830     4     5     2     4
 0.0032999849     4     5     4     1
 0.0052643505     4     5     4     2
 0.0085003225     4     5     4     5
 0.0084873203     4     5     5     4
 -0.0589250020     5     1     1     1
 0.0081141295     5     1     1     2
 0.0125216511     5     1     1     5
 0.0112955466     5     1     2     1
 -0.0021175678     5     1     2     2
 -0.0028134450     5     1     2     5
 -0.0012168092     5     1     3     3
 -0.0012168092     5     1     4     4
 0.0174844694     5     1     5     1
 -0.0028360248     5     1     5     2
 -0.0046476711     5     1     5     5
 0.0364211009     5     2     1     1
 0.0002625957     5     2     1     2
 -0.0028134450     5     2     1     5
 0.0002728924     5     2     2     1
 0.0238222473     5     2     2     2
 0.0154503009     5     2     2     5
 0.0145251555     5     2     3     3
 0.0145251555     5     2     4     4
 -0.0028360248     5     2     5     1
 0.0154506675     5     2     5     2
 0.0103172085     5     2     5     5
 0.0032999849     5     3     1     3
 0.0052643505     5     3     2     3
 0.0035281123     5     3     3     1
 0.0052570830     5     3     3     2
 0.0084873203     5     3     3     5
 0.0085003225     5     3     5     3
 0.0032999849     5     4     1     4
 0.0052643505     5     4     2     4
 0.0035281123     5     4     4     1
 0.0052570830     5     4     4     2
 0.0084873203     5     4     4     5
 0.0085003225     5     4     5     4
 0.1557461294     5     5     1     1
 -0.0029037953     5     5     1     2
 -0.0046476711     5     5     1     5
 -0.0029037953     5     5     2     1
 0.1274384935     5     5     2     2
 0.0103172085     5     5     2     5
 0.1108407694     5     5     3     3
 0.1108407694     5     5     4     4
 -0.0046476711     5     5     5     1
 0.0103172085     5     5     5     2
 0.1191698360     5     5     5     5
0.0 0 0 0 0
 -0.7837160875     1     1     0     0
 0.0387073161     1     2     0     0
 0.0601109540     1     5     0     0
 0.0387073161     2     1     0     0
 -0.2980043918     2     2     0     0
 -0.0636435752     2     5     0     0
 -0.2382252336     3     3     0     0
 -0.2382252336     4     4     0     0
 0.0601109540     5     1     0     0
 -0.0636435752     5     2     0     0
 -0.2226361591     5     5     0     0
0.0 0 0 0 0
 -0.7837160875     1     1     0     0
 0.0387073161     1     2     0     0
 0.0601109540     1     5     0     0
 0.0387073161     2     1     0     0
 -0.2980043918     2     2     0     0
 -0.0636435752     2     5     0     0
 -0.2382252336     3     3     0     0
 -0.2382252336     4     4     0     0
 0.0601109540     5     1     0     0
 -0.0636435752     5     2     0     0
 -0.2226361591     5     5     0     0
-6.9030427026 0 0 0 0
