Begin IJ Block
1   1   -0.7837160875

End IJ Block
Begin IA Block
1   1   0.0387073161
1   4   0.0601109540

End IA Block
Begin AB Block
1   1   -0.2980043918
1   4   -0.0636435752
2   2   -0.2382252336
3   3   -0.2382252336
4   4   -0.2226361591

End AB Block
Begin IJKL Block
1   2   1   2   0.4482367913

End IJKL Block
Begin IJAB Block
1   2   1   5   0.0098982372
1   2   1   8   0.0112955466
1   2   2   6   0.0044466661
1   2   3   7   0.0044466661
1   2   4   5   0.0112955466
1   2   4   8   0.0174844694

End IJAB Block
Begin ABCD Block
1   5   1   5   0.1982486608
1   5   1   8   0.0238222473
1   5   2   6   0.0186305612
1   5   3   7   0.0186305612
1   5   4   5   0.0238222473
1   5   4   8   0.0154506675
1   6   1   6   0.1342346443
1   6   2   5   0.0186251807
1   6   2   8   0.0052570830
1   6   4   6   0.0145251555
1   7   1   7   0.1342346443
1   7   3   5   0.0186251807
1   7   3   8   0.0052570830
1   7   4   7   0.0145251555
1   8   1   5   0.0238222473
1   8   1   8   0.1274384935
1   8   2   6   0.0052643505
1   8   3   7   0.0052643505
1   8   4   5   0.0154503009
1   8   4   8   0.0103172085
2   5   1   6   0.0186251807
2   5   2   5   0.1342346443
2   5   2   8   0.0145251555
2   5   4   6   0.0052570830
2   6   1   5   0.0186305612
2   6   1   8   0.0052643505
2   6   2   6   0.1300632772
2   6   3   7   0.0077653797
2   6   4   5   0.0052643505
2   6   4   8   0.0085003225
2   7   2   7   0.1145384695
2   7   3   6   0.0077594279
2   8   1   6   0.0052570830
2   8   2   5   0.0145251555
2   8   2   8   0.1108407694
2   8   4   6   0.0084873203
3   5   1   7   0.0186251807
3   5   3   5   0.1342346443
3   5   3   8   0.0145251555
3   5   4   7   0.0052570830
3   6   2   7   0.0077594279
3   6   3   6   0.1145384695
3   7   1   5   0.0186305612
3   7   1   8   0.0052643505
3   7   2   6   0.0077653797
3   7   3   7   0.1300632772
3   7   4   5   0.0052643505
3   7   4   8   0.0085003225
3   8   1   7   0.0052570830
3   8   3   5   0.0145251555
3   8   3   8   0.1108407694
3   8   4   7   0.0084873203
4   5   1   5   0.0238222473
4   5   1   8   0.0154503009
4   5   2   6   0.0052643505
4   5   3   7   0.0052643505
4   5   4   5   0.1274384935
4   5   4   8   0.0103172085
4   6   1   6   0.0145251555
4   6   2   5   0.0052570830
4   6   2   8   0.0084873203
4   6   4   6   0.1108407694
4   7   1   7   0.0145251555
4   7   3   5   0.0052570830
4   7   3   8   0.0084873203
4   7   4   7   0.1108407694
4   8   1   5   0.0154506675
4   8   1   8   0.0103172085
4   8   2   6   0.0085003225
4   8   3   7   0.0085003225
4   8   4   5   0.0103172085
4   8   4   8   0.1191698360

End ABCD Block
Begin AIJB Block
1   2   1   5   0.0066692446
1   2   1   8   0.0081141295
2   2   1   6   0.0032956361
3   2   1   7   0.0032956361
4   2   1   5   0.0081141295
4   2   1   8   0.0125216511

1   2   2   1   -0.1529036708
1   2   2   4   -0.0364211009
2   2   2   2   -0.1384458045
3   2   2   3   -0.1384458045
4   2   2   1   -0.0364211009
4   2   2   4   -0.1557461294

End AIJB Block
Begin IJKA Block
1   2   1   5   -0.0388894300
1   2   1   8   -0.0589250020

End IJKA Block
Begin IABC Block
1   5   1   5   0.0053033800
1   5   1   8   0.0002728924
1   5   2   6   0.0042989683
1   5   3   7   0.0042989683
1   5   4   5   -0.0021175678
1   5   4   8   -0.0028360248
1   6   1   6   0.0017999053
1   6   2   5   0.0044556598
1   6   2   8   0.0035281123
1   6   4   6   -0.0012168092
1   7   1   7   0.0017999053
1   7   3   5   0.0044556598
1   7   3   8   0.0035281123
1   7   4   7   -0.0012168092
1   8   1   5   0.0002625957
1   8   1   8   -0.0029037953
1   8   2   6   0.0032999849
1   8   3   7   0.0032999849
1   8   4   5   -0.0028134450
1   8   4   8   -0.0046476711

End IABC Block
