Begin IJ Block
1   1   -4.7699162051
1   2   0.0806120542
2   2   -1.4616564450

End IJ Block
Begin IA Block
1   1   0.0555821621
2   1   0.0425119841

End IA Block
Begin AB Block
1   1   -0.7337763917
2   2   -0.5481745026
3   3   -0.5481745026

End AB Block
Begin IJKL Block
1   3   1   3   1.6303871217
1   3   1   4   -0.0860286762
1   3   2   3   -0.0860286762
1   3   2   4   0.0065065016
1   4   1   3   -0.0860286762
1   4   1   4   0.3431168037
1   4   2   3   0.0086214609
1   4   2   4   0.0059974836
2   3   1   3   -0.0860286762
2   3   1   4   0.0086214609
2   3   2   3   0.3431168037
2   3   2   4   0.0059974836
2   4   1   3   0.0065065016
2   4   1   4   0.0059974836
2   4   2   3   0.0059974836
2   4   2   4   0.4464896991

End IJKL Block
Begin IJAB Block
1   3   1   4   0.0036199875
1   3   2   5   0.0004610265
1   3   3   6   0.0004610265
1   4   1   4   0.0005354448
1   4   2   5   0.0005182468
1   4   3   6   0.0005182468
2   3   1   4   0.0005354448
2   3   2   5   0.0005182468
2   3   3   6   0.0005182468
2   4   1   4   0.0109316707
2   4   2   5   0.0040408315
2   4   3   6   0.0040408315

End IJAB Block
Begin ABCD Block
1   4   1   4   0.1982422031
1   4   2   5   0.0186271032
1   4   3   6   0.0186271032
1   5   1   5   0.1342373298
1   5   2   4   0.0186203529
1   6   1   6   0.1342373298
1   6   3   4   0.0186203529
2   4   1   5   0.0186203529
2   4   2   4   0.1342373298
2   5   1   4   0.0186271032
2   5   2   5   0.1300633048
2   5   3   6   0.0077653467
2   6   2   6   0.1145385002
2   6   3   5   0.0077594579
3   4   1   6   0.0186203529
3   4   3   4   0.1342373298
3   5   2   6   0.0077594579
3   5   3   5   0.1145385002
3   6   1   4   0.0186271032
3   6   2   5   0.0077653467
3   6   3   6   0.1300633048

End ABCD Block
Begin AIJB Block
1   3   1   4   0.0027544526
1   3   2   4   0.0005386776
1   4   1   4   0.0005386776
1   4   2   4   0.0066651956
2   3   1   5   0.0004102988
2   3   2   5   0.0004222701
2   4   1   5   0.0004222701
2   4   2   5   0.0033204584
3   3   1   6   0.0004102988
3   3   2   6   0.0004222701
3   4   1   6   0.0004222701
3   4   2   6   0.0033204584

1   3   3   1   -0.2192121621
1   3   4   1   0.0027724282
1   4   3   1   0.0027724282
1   4   4   1   -0.1531173718
2   3   3   2   -0.1551850229
2   3   4   2   0.0003562650
2   4   3   2   0.0003562650
2   4   4   2   -0.1384284117
3   3   3   3   -0.1551850229
3   3   4   3   0.0003562650
3   4   3   3   0.0003562650
3   4   4   3   -0.1384284117

End AIJB Block
Begin IJKA Block
1   3   1   4   -0.0476616949
1   3   2   4   0.0031970899
1   4   1   4   -0.0003193559
1   4   2   4   -0.0017157795
2   3   1   4   0.0034142881
2   3   2   4   -0.0057030559
2   4   1   4   -0.0014488577
2   4   2   4   -0.0396726305

End IJKA Block
Begin IABC Block
1   4   1   4   0.0013497636
1   4   2   5   0.0006073457
1   4   3   6   0.0006073457
1   5   1   5   0.0001093282
1   5   2   4   0.0006124381
1   6   1   6   0.0001093282
1   6   3   4   0.0006124381
2   4   1   4   0.0054031801
2   4   2   5   0.0043147337
2   4   3   6   0.0043147337
2   5   1   5   0.0019357878
2   5   2   4   0.0045371837
2   6   1   6   0.0019357878
2   6   3   4   0.0045371837

End IABC Block
