&FCI NORB=  4,NELEC=  2,MS2=0,
 ORBSYM=1,1,1,1
 ISYM=1,
 IUHF=1,
&END
 0.1452742839     1     1     2     2
 0.1348828133     1     1     3     3
 0.1348828133     1     1     4     4
 -0.1452742839     1     2     2     1
 -0.0027459709     1     2     3     3
 -0.0027459709     1     2     4     4
 -0.1348828133     1     3     3     1
 0.0027459709     1     3     3     2
 -0.1348828133     1     4     4     1
 0.0027459709     1     4     4     2
 -0.1452742839     2     1     1     2
 -0.0027459709     2     1     3     3
 -0.0027459709     2     1     4     4
 0.1452742839     2     2     1     1
 0.1155852612     2     2     3     3
 0.1155852612     2     2     4     4
 0.0027459709     2     3     3     1
 -0.1155852612     2     3     3     2
 0.0027459709     2     4     4     1
 -0.1155852612     2     4     4     2
 -0.1348828133     3     1     1     3
 0.0027459709     3     1     2     3
 0.0027459709     3     2     1     3
 -0.1155852612     3     2     2     3
 0.1348828133     3     3     1     1
 -0.0027459709     3     3     1     2
 -0.0027459709     3     3     2     1
 0.1155852612     3     3     2     2
 0.1067744554     3     3     4     4
 -0.1067744554     3     4     4     3
 -0.1348828133     4     1     1     4
 0.0027459709     4     1     2     4
 0.0027459709     4     2     1     4
 -0.1155852612     4     2     2     4
 -0.1067744554     4     3     3     4
 0.1348828133     4     4     1     1
 -0.0027459709     4     4     1     2
 -0.0027459709     4     4     2     1
 0.1155852612     4     4     2     2
 0.1067744554     4     4     3     3
0.0 0 0 0 0
 0.1452742839     1     1     2     2
 0.1348828133     1     1     3     3
 0.1348828133     1     1     4     4
 -0.1452742839     1     2     2     1
 -0.0027459709     1     2     3     3
 -0.0027459709     1     2     4     4
 -0.1348828133     1     3     3     1
 0.0027459709     1     3     3     2
 -0.1348828133     1     4     4     1
 0.0027459709     1     4     4     2
 -0.1452742839     2     1     1     2
 -0.0027459709     2     1     3     3
 -0.0027459709     2     1     4     4
 0.1452742839     2     2     1     1
 0.1155852612     2     2     3     3
 0.1155852612     2     2     4     4
 0.0027459709     2     3     3     1
 -0.1155852612     2     3     3     2
 0.0027459709     2     4     4     1
 -0.1155852612     2     4     4     2
 -0.1348828133     3     1     1     3
 0.0027459709     3     1     2     3
 0.0027459709     3     2     1     3
 -0.1155852612     3     2     2     3
 0.1348828133     3     3     1     1
 -0.0027459709     3     3     1     2
 -0.0027459709     3     3     2     1
 0.1155852612     3     3     2     2
 0.1067744554     3     3     4     4
 -0.1067744554     3     4     4     3
 -0.1348828133     4     1     1     4
 0.0027459709     4     1     2     4
 0.0027459709     4     2     1     4
 -0.1155852612     4     2     2     4
 -0.1067744554     4     3     3     4
 0.1348828133     4     4     1     1
 -0.0027459709     4     4     1     2
 -0.0027459709     4     4     2     1
 0.1155852612     4     4     2     2
 0.1067744554     4     4     3     3
0.0 0 0 0 0
 0.4809403336     1     1     1     1
 -0.0389703843     1     1     1     2
 -0.0389703843     1     1     2     1
 0.1519200667     1     1     2     2
 0.1381761948     1     1     3     3
 0.1381761948     1     1     4     4
 -0.0389703843     1     2     1     1
 0.0066457828     1     2     1     2
 0.0066457828     1     2     2     1
 0.0058756149     1     2     2     2
 0.0018282682     1     2     3     3
 0.0018282682     1     2     4     4
 0.0032933815     1     3     1     3
 0.0045742391     1     3     2     3
 0.0032933815     1     3     3     1
 0.0045742391     1     3     3     2
 0.0032933815     1     4     1     4
 0.0045742391     1     4     2     4
 0.0032933815     1     4     4     1
 0.0045742391     1     4     4     2
 -0.0389703843     2     1     1     1
 0.0066457828     2     1     1     2
 0.0066457828     2     1     2     1
 0.0058756149     2     1     2     2
 0.0018282682     2     1     3     3
 0.0018282682     2     1     4     4
 0.1519200667     2     2     1     1
 0.0058756149     2     2     1     2
 0.0058756149     2     2     2     1
 0.1983333073     2     2     2     2
 0.1342479119     2     2     3     3
 0.1342479119     2     2     4     4
 0.0045742391     2     3     1     3
 0.0186626507     2     3     2     3
 0.0045742391     2     3     3     1
 0.0186626507     2     3     3     2
 0.0045742391     2     4     1     4
 0.0186626507     2     4     2     4
 0.0045742391     2     4     4     1
 0.0186626507     2     4     4     2
 0.0032933815     3     1     1     3
 0.0045742391     3     1     2     3
 0.0032933815     3     1     3     1
 0.0045742391     3     1     3     2
 0.0045742391     3     2     1     3
 0.0186626507     3     2     2     3
 0.0045742391     3     2     3     1
 0.0186626507     3     2     3     2
 0.1381761948     3     3     1     1
 0.0018282682     3     3     1     2
 0.0018282682     3     3     2     1
 0.1342479119     3     3     2     2
 0.1300634011     3     3     3     3
 0.1145374373     3     3     4     4
 0.0077629819     3     4     3     4
 0.0077629819     3     4     4     3
 0.0032933815     4     1     1     4
 0.0045742391     4     1     2     4
 0.0032933815     4     1     4     1
 0.0045742391     4     1     4     2
 0.0045742391     4     2     1     4
 0.0186626507     4     2     2     4
 0.0045742391     4     2     4     1
 0.0186626507     4     2     4     2
 0.0077629819     4     3     3     4
 0.0077629819     4     3     4     3
 0.1381761948     4     4     1     1
 0.0018282682     4     4     1     2
 0.0018282682     4     4     2     1
 0.1342479119     4     4     2     2
 0.1145374373     4     4     3     3
 0.1300634011     4     4     4     4
0.0 0 0 0 0
 -0.7822651525     1     1     0     0
 0.0389703843     1     2     0     0
 0.0389703843     2     1     0     0
 -0.2972371721     2     2     0     0
 -0.2380402889     3     3     0     0
 -0.2380402889     4     4     0     0
0.0 0 0 0 0
 -0.7822651525     1     1     0     0
 0.0389703843     1     2     0     0
 0.0389703843     2     1     0     0
 -0.2972371721     2     2     0     0
 -0.2380402889     3     3     0     0
 -0.2380402889     4     4     0     0
-6.9030427026 0 0 0 0
