Begin IJ Block
1   1   -0.7822651525

End IJ Block
Begin IA Block
1   1   0.0389703843

End IA Block
Begin AB Block
1   1   -0.2972371721
2   2   -0.2380402889
3   3   -0.2380402889

End AB Block
Begin IJKL Block
1   2   1   2   0.4809403336

End IJKL Block
Begin IJAB Block
1   2   1   4   0.0066457828
1   2   2   5   0.0032933815
1   2   3   6   0.0032933815

End IJAB Block
Begin ABCD Block
1   4   1   4   0.1983333073
1   4   2   5   0.0186626507
1   4   3   6   0.0186626507
1   5   1   5   0.1342479119
1   5   2   4   0.0186626507
1   6   1   6   0.1342479119
1   6   3   4   0.0186626507
2   4   1   5   0.0186626507
2   4   2   4   0.1342479119
2   5   1   4   0.0186626507
2   5   2   5   0.1300634011
2   5   3   6   0.0077629819
2   6   2   6   0.1145374373
2   6   3   5   0.0077629819
3   4   1   6   0.0186626507
3   4   3   4   0.1342479119
3   5   2   6   0.0077629819
3   5   3   5   0.1145374373
3   6   1   4   0.0186626507
3   6   2   5   0.0077629819
3   6   3   6   0.1300634011

End ABCD Block
Begin AIJB Block
1   2   1   4   0.0066457828
2   2   1   5   0.0032933815
3   2   1   6   0.0032933815

1   2   2   1   -0.1519200667
2   2   2   2   -0.1381761948
3   2   2   3   -0.1381761948

End AIJB Block
Begin IJKA Block
1   2   1   4   -0.0389703843

End IJKA Block
Begin IABC Block
1   4   1   4   0.0058756149
1   4   2   5   0.0045742391
1   4   3   6   0.0045742391
1   5   1   5   0.0018282682
1   5   2   4   0.0045742391
1   6   1   6   0.0018282682
1   6   3   4   0.0045742391

End IABC Block
