&FCI NORB=  5,NELEC=  4,MS2=0,
 ORBSYM=1,1,1,1,1
 ISYM=1,
 IUHF=1,
&END
 0.3349848591     1     1     2     2
 -0.0040294636     1     1     2     3
 -0.0040294636     1     1     3     2
 0.2162164346     1     1     3     3
 0.1547604746     1     1     4     4
 0.1547604746     1     1     5     5
 -0.3349848591     1     2     2     1
 0.0040346099     1     2     2     3
 0.0040294636     1     2     3     1
 -0.0034185050     1     2     3     3
 -0.0008184777     1     2     4     4
 -0.0008184777     1     2     5     5
 0.0040294636     1     3     2     1
 -0.0040346099     1     3     2     2
 -0.2162164346     1     3     3     1
 0.0034185050     1     3     3     2
 -0.0005556613     1     3     4     4
 -0.0005556613     1     3     5     5
 -0.1547604746     1     4     4     1
 0.0008184777     1     4     4     2
 0.0005556613     1     4     4     3
 -0.1547604746     1     5     5     1
 0.0008184777     1     5     5     2
 0.0005556613     1     5     5     3
 -0.3349848591     2     1     1     2
 0.0040294636     2     1     1     3
 0.0040346099     2     1     3     2
 -0.0034185050     2     1     3     3
 -0.0008184777     2     1     4     4
 -0.0008184777     2     1     5     5
 0.3349848591     2     2     1     1
 -0.0040346099     2     2     1     3
 -0.0040346099     2     2     3     1
 0.1452742839     2     2     3     3
 0.1348828133     2     2     4     4
 0.1348828133     2     2     5     5
 -0.0040294636     2     3     1     1
 0.0040346099     2     3     1     2
 0.0034185050     2     3     3     1
 -0.1452742839     2     3     3     2
 -0.0027459709     2     3     4     4
 -0.0027459709     2     3     5     5
 0.0008184777     2     4     4     1
 -0.1348828133     2     4     4     2
 0.0027459709     2     4     4     3
 0.0008184777     2     5     5     1
 -0.1348828133     2     5     5     2
 0.0027459709     2     5     5     3
 0.0040294636     3     1     1     2
 -0.2162164346     3     1     1     3
 -0.0040346099     3     1     2     2
 0.0034185050     3     1     2     3
 -0.0005556613     3     1     4     4
 -0.0005556613     3     1     5     5
 -0.0040294636     3     2     1     1
 0.0034185050     3     2     1     3
 0.0040346099     3     2     2     1
 -0.1452742839     3     2     2     3
 -0.0027459709     3     2     4     4
 -0.0027459709     3     2     5     5
 0.2162164346     3     3     1     1
 -0.0034185050     3     3     1     2
 -0.0034185050     3     3     2     1
 0.1452742839     3     3     2     2
 0.1155852612     3     3     4     4
 0.1155852612     3     3     5     5
 0.0005556613     3     4     4     1
 0.0027459709     3     4     4     2
 -0.1155852612     3     4     4     3
 0.0005556613     3     5     5     1
 0.0027459709     3     5     5     2
 -0.1155852612     3     5     5     3
 -0.1547604746     4     1     1     4
 0.0008184777     4     1     2     4
 0.0005556613     4     1     3     4
 0.0008184777     4     2     1     4
 -0.1348828133     4     2     2     4
 0.0027459709     4     2     3     4
 0.0005556613     4     3     1     4
 0.0027459709     4     3     2     4
 -0.1155852612     4     3     3     4
 0.1547604746     4     4     1     1
 -0.0008184777     4     4     1     2
 -0.0005556613     4     4     1     3
 -0.0008184777     4     4     2     1
 0.1348828133     4     4     2     2
 -0.0027459709     4     4     2     3
 -0.0005556613     4     4     3     1
 -0.0027459709     4     4     3     2
 0.1155852612     4     4     3     3
 0.1067744554     4     4     5     5
 -0.1067744554     4     5     5     4
 -0.1547604746     5     1     1     5
 0.0008184777     5     1     2     5
 0.0005556613     5     1     3     5
 0.0008184777     5     2     1     5
 -0.1348828133     5     2     2     5
 0.0027459709     5     2     3     5
 0.0005556613     5     3     1     5
 0.0027459709     5     3     2     5
 -0.1155852612     5     3     3     5
 -0.1067744554     5     4     4     5
 0.1547604746     5     5     1     1
 -0.0008184777     5     5     1     2
 -0.0005556613     5     5     1     3
 -0.0008184777     5     5     2     1
 0.1348828133     5     5     2     2
 -0.0027459709     5     5     2     3
 -0.0005556613     5     5     3     1
 -0.0027459709     5     5     3     2
 0.1155852612     5     5     3     3
 0.1067744554     5     5     4     4
0.0 0 0 0 0
 0.3349848591     1     1     2     2
 -0.0040294636     1     1     2     3
 -0.0040294636     1     1     3     2
 0.2162164346     1     1     3     3
 0.1547604746     1     1     4     4
 0.1547604746     1     1     5     5
 -0.3349848591     1     2     2     1
 0.0040346099     1     2     2     3
 0.0040294636     1     2     3     1
 -0.0034185050     1     2     3     3
 -0.0008184777     1     2     4     4
 -0.0008184777     1     2     5     5
 0.0040294636     1     3     2     1
 -0.0040346099     1     3     2     2
 -0.2162164346     1     3     3     1
 0.0034185050     1     3     3     2
 -0.0005556613     1     3     4     4
 -0.0005556613     1     3     5     5
 -0.1547604746     1     4     4     1
 0.0008184777     1     4     4     2
 0.0005556613     1     4     4     3
 -0.1547604746     1     5     5     1
 0.0008184777     1     5     5     2
 0.0005556613     1     5     5     3
 -0.3349848591     2     1     1     2
 0.0040294636     2     1     1     3
 0.0040346099     2     1     3     2
 -0.0034185050     2     1     3     3
 -0.0008184777     2     1     4     4
 -0.0008184777     2     1     5     5
 0.3349848591     2     2     1     1
 -0.0040346099     2     2     1     3
 -0.0040346099     2     2     3     1
 0.1452742839     2     2     3     3
 0.1348828133     2     2     4     4
 0.1348828133     2     2     5     5
 -0.0040294636     2     3     1     1
 0.0040346099     2     3     1     2
 0.0034185050     2     3     3     1
 -0.1452742839     2     3     3     2
 -0.0027459709     2     3     4     4
 -0.0027459709     2     3     5     5
 0.0008184777     2     4     4     1
 -0.1348828133     2     4     4     2
 0.0027459709     2     4     4     3
 0.0008184777     2     5     5     1
 -0.1348828133     2     5     5     2
 0.0027459709     2     5     5     3
 0.0040294636     3     1     1     2
 -0.2162164346     3     1     1     3
 -0.0040346099     3     1     2     2
 0.0034185050     3     1     2     3
 -0.0005556613     3     1     4     4
 -0.0005556613     3     1     5     5
 -0.0040294636     3     2     1     1
 0.0034185050     3     2     1     3
 0.0040346099     3     2     2     1
 -0.1452742839     3     2     2     3
 -0.0027459709     3     2     4     4
 -0.0027459709     3     2     5     5
 0.2162164346     3     3     1     1
 -0.0034185050     3     3     1     2
 -0.0034185050     3     3     2     1
 0.1452742839     3     3     2     2
 0.1155852612     3     3     4     4
 0.1155852612     3     3     5     5
 0.0005556613     3     4     4     1
 0.0027459709     3     4     4     2
 -0.1155852612     3     4     4     3
 0.0005556613     3     5     5     1
 0.0027459709     3     5     5     2
 -0.1155852612     3     5     5     3
 -0.1547604746     4     1     1     4
 0.0008184777     4     1     2     4
 0.0005556613     4     1     3     4
 0.0008184777     4     2     1     4
 -0.1348828133     4     2     2     4
 0.0027459709     4     2     3     4
 0.0005556613     4     3     1     4
 0.0027459709     4     3     2     4
 -0.1155852612     4     3     3     4
 0.1547604746     4     4     1     1
 -0.0008184777     4     4     1     2
 -0.0005556613     4     4     1     3
 -0.0008184777     4     4     2     1
 0.1348828133     4     4     2     2
 -0.0027459709     4     4     2     3
 -0.0005556613     4     4     3     1
 -0.0027459709     4     4     3     2
 0.1155852612     4     4     3     3
 0.1067744554     4     4     5     5
 -0.1067744554     4     5     5     4
 -0.1547604746     5     1     1     5
 0.0008184777     5     1     2     5
 0.0005556613     5     1     3     5
 0.0008184777     5     2     1     5
 -0.1348828133     5     2     2     5
 0.0027459709     5     2     3     5
 0.0005556613     5     3     1     5
 0.0027459709     5     3     2     5
 -0.1155852612     5     3     3     5
 -0.1067744554     5     4     4     5
 0.1547604746     5     5     1     1
 -0.0008184777     5     5     1     2
 -0.0005556613     5     5     1     3
 -0.0008184777     5     5     2     1
 0.1348828133     5     5     2     2
 -0.0027459709     5     5     2     3
 -0.0005556613     5     5     3     1
 -0.0027459709     5     5     3     2
 0.1155852612     5     5     3     3
 0.1067744554     5     5     4     4
0.0 0 0 0 0
 1.6475185454     1     1     1     1
 -0.0882308749     1     1     1     2
 -0.0471440536     1     1     1     3
 -0.0882308749     1     1     2     1
 0.3438403907     1     1     2     2
 -0.0012312052     1     1     2     3
 -0.0471440536     1     1     3     1
 -0.0012312052     1     1     3     2
 0.2189861942     1     1     3     3
 0.1551679042     1     1     4     4
 0.1551679042     1     1     5     5
 -0.0882308749     1     2     1     1
 0.0088555316     1     2     1     2
 0.0027982584     1     2     1     3
 0.0088555316     1     2     2     1
 0.0069648702     1     2     2     2
 -0.0016027580     1     2     2     3
 0.0027982584     1     2     3     1
 -0.0016027580     1     2     3     2
 -0.0028289570     1     2     3     3
 -0.0003892781     1     2     4     4
 -0.0003892781     1     2     5     5
 -0.0471440536     1     3     1     1
 0.0027982584     1     3     1     2
 0.0027697596     1     3     1     3
 0.0027982584     1     3     2     1
 -0.0056373679     1     3     2     2
 0.0005895480     1     3     2     3
 0.0027697596     1     3     3     1
 0.0005895480     1     3     3     2
 0.0013060228     1     3     3     3
 0.0000769201     1     3     4     4
 0.0000769201     1     3     5     5
 0.0004074296     1     4     1     4
 0.0004291996     1     4     2     4
 0.0006325814     1     4     3     4
 0.0004074296     1     4     4     1
 0.0004291996     1     4     4     2
 0.0006325814     1     4     4     3
 0.0004074296     1     5     1     5
 0.0004291996     1     5     2     5
 0.0006325814     1     5     3     5
 0.0004074296     1     5     5     1
 0.0004291996     1     5     5     2
 0.0006325814     1     5     5     3
 -0.0882308749     2     1     1     1
 0.0088555316     2     1     1     2
 0.0027982584     2     1     1     3
 0.0088555316     2     1     2     1
 0.0069648702     2     1     2     2
 -0.0016027580     2     1     2     3
 0.0027982584     2     1     3     1
 -0.0016027580     2     1     3     2
 -0.0028289570     2     1     3     3
 -0.0003892781     2     1     4     4
 -0.0003892781     2     1     5     5
 0.3438403907     2     2     1     1
 0.0069648702     2     2     1     2
 -0.0056373679     2     2     1     3
 0.0069648702     2     2     2     1
 0.4809403336     2     2     2     2
 -0.0389703843     2     2     2     3
 -0.0056373679     2     2     3     1
 -0.0389703843     2     2     3     2
 0.1519200667     2     2     3     3
 0.1381761948     2     2     4     4
 0.1381761948     2     2     5     5
 -0.0012312052     2     3     1     1
 -0.0016027580     2     3     1     2
 0.0005895480     2     3     1     3
 -0.0016027580     2     3     2     1
 -0.0389703843     2     3     2     2
 0.0066457828     2     3     2     3
 0.0005895480     2     3     3     1
 0.0066457828     2     3     3     2
 0.0058756149     2     3     3     3
 0.0018282682     2     3     4     4
 0.0018282682     2     3     5     5
 0.0004291996     2     4     1     4
 0.0032933815     2     4     2     4
 0.0045742391     2     4     3     4
 0.0004291996     2     4     4     1
 0.0032933815     2     4     4     2
 0.0045742391     2     4     4     3
 0.0004291996     2     5     1     5
 0.0032933815     2     5     2     5
 0.0045742391     2     5     3     5
 0.0004291996     2     5     5     1
 0.0032933815     2     5     5     2
 0.0045742391     2     5     5     3
 -0.0471440536     3     1     1     1
 0.0027982584     3     1     1     2
 0.0027697596     3     1     1     3
 0.0027982584     3     1     2     1
 -0.0056373679     3     1     2     2
 0.0005895480     3     1     2     3
 0.0027697596     3     1     3     1
 0.0005895480     3     1     3     2
 0.0013060228     3     1     3     3
 0.0000769201     3     1     4     4
 0.0000769201     3     1     5     5
 -0.0012312052     3     2     1     1
 -0.0016027580     3     2     1     2
 0.0005895480     3     2     1     3
 -0.0016027580     3     2     2     1
 -0.0389703843     3     2     2     2
 0.0066457828     3     2     2     3
 0.0005895480     3     2     3     1
 0.0066457828     3     2     3     2
 0.0058756149     3     2     3     3
 0.0018282682     3     2     4     4
 0.0018282682     3     2     5     5
 0.2189861942     3     3     1     1
 -0.0028289570     3     3     1     2
 0.0013060228     3     3     1     3
 -0.0028289570     3     3     2     1
 0.1519200667     3     3     2     2
 0.0058756149     3     3     2     3
 0.0013060228     3     3     3     1
 0.0058756149     3     3     3     2
 0.1983333073     3     3     3     3
 0.1342479119     3     3     4     4
 0.1342479119     3     3     5     5
 0.0006325814     3     4     1     4
 0.0045742391     3     4     2     4
 0.0186626507     3     4     3     4
 0.0006325814     3     4     4     1
 0.0045742391     3     4     4     2
 0.0186626507     3     4     4     3
 0.0006325814     3     5     1     5
 0.0045742391     3     5     2     5
 0.0186626507     3     5     3     5
 0.0006325814     3     5     5     1
 0.0045742391     3     5     5     2
 0.0186626507     3     5     5     3
 0.0004074296     4     1     1     4
 0.0004291996     4     1     2     4
 0.0006325814     4     1     3     4
 0.0004074296     4     1     4     1
 0.0004291996     4     1     4     2
 0.0006325814     4     1     4     3
 0.0004291996     4     2     1     4
 0.0032933815     4     2     2     4
 0.0045742391     4     2     3     4
 0.0004291996     4     2     4     1
 0.0032933815     4     2     4     2
 0.0045742391     4     2     4     3
 0.0006325814     4     3     1     4
 0.0045742391     4     3     2     4
 0.0186626507     4     3     3     4
 0.0006325814     4     3     4     1
 0.0045742391     4     3     4     2
 0.0186626507     4     3     4     3
 0.1551679042     4     4     1     1
 -0.0003892781     4     4     1     2
 0.0000769201     4     4     1     3
 -0.0003892781     4     4     2     1
 0.1381761948     4     4     2     2
 0.0018282682     4     4     2     3
 0.0000769201     4     4     3     1
 0.0018282682     4     4     3     2
 0.1342479119     4     4     3     3
 0.1300634011     4     4     4     4
 0.1145374373     4     4     5     5
 0.0077629819     4     5     4     5
 0.0077629819     4     5     5     4
 0.0004074296     5     1     1     5
 0.0004291996     5     1     2     5
 0.0006325814     5     1     3     5
 0.0004074296     5     1     5     1
 0.0004291996     5     1     5     2
 0.0006325814     5     1     5     3
 0.0004291996     5     2     1     5
 0.0032933815     5     2     2     5
 0.0045742391     5     2     3     5
 0.0004291996     5     2     5     1
 0.0032933815     5     2     5     2
 0.0045742391     5     2     5     3
 0.0006325814     5     3     1     5
 0.0045742391     5     3     2     5
 0.0186626507     5     3     3     5
 0.0006325814     5     3     5     1
 0.0045742391     5     3     5     2
 0.0186626507     5     3     5     3
 0.0077629819     5     4     4     5
 0.0077629819     5     4     5     4
 0.1551679042     5     5     1     1
 -0.0003892781     5     5     1     2
 0.0000769201     5     5     1     3
 -0.0003892781     5     5     2     1
 0.1381761948     5     5     2     2
 0.0018282682     5     5     2     3
 0.0000769201     5     5     3     1
 0.0018282682     5     5     3     2
 0.1342479119     5     5     3     3
 0.1145374373     5     5     4     4
 0.1300634011     5     5     5     5
0.0 0 0 0 0
 -4.7729394426     1     1     0     0
 0.0812660046     1     2     0     0
 0.0568160313     1     3     0     0
 0.0812660046     2     1     0     0
 -1.4610904023     2     2     0     0
 0.0442310531     2     3     0     0
 0.0568160313     3     1     0     0
 0.0442310531     3     2     0     0
 -0.7324398008     3     3     0     0
 -0.5479686677     4     4     0     0
 -0.5479686677     5     5     0     0
0.0 0 0 0 0
 -4.7729394426     1     1     0     0
 0.0812660046     1     2     0     0
 0.0568160313     1     3     0     0
 0.0812660046     2     1     0     0
 -1.4610904023     2     2     0     0
 0.0442310531     2     3     0     0
 0.0568160313     3     1     0     0
 0.0442310531     3     2     0     0
 -0.7324398008     3     3     0     0
 -0.5479686677     4     4     0     0
 -0.5479686677     5     5     0     0
0.9953176373 0 0 0 0
