Begin IJ Block
1   1   -4.7729394426
1   2   0.0812660046
2   2   -1.4610904023

End IJ Block
Begin IA Block
1   1   0.0568160313
2   1   0.0442310531

End IA Block
Begin AB Block
1   1   -0.7324398008
2   2   -0.5479686677
3   3   -0.5479686677

End AB Block
Begin IJKL Block
1   3   1   3   1.6475185454
1   3   1   4   -0.0882308749
1   3   2   3   -0.0882308749
1   3   2   4   0.0088555316
1   4   1   3   -0.0882308749
1   4   1   4   0.3438403907
1   4   2   3   0.0088555316
1   4   2   4   0.0069648702
2   3   1   3   -0.0882308749
2   3   1   4   0.0088555316
2   3   2   3   0.3438403907
2   3   2   4   0.0069648702
2   4   1   3   0.0088555316
2   4   1   4   0.0069648702
2   4   2   3   0.0069648702
2   4   2   4   0.4809403336

End IJKL Block
Begin IJAB Block
1   3   1   4   0.0027697596
1   3   2   5   0.0004074296
1   3   3   6   0.0004074296
1   4   1   4   0.0005895480
1   4   2   5   0.0004291996
1   4   3   6   0.0004291996
2   3   1   4   0.0005895480
2   3   2   5   0.0004291996
2   3   3   6   0.0004291996
2   4   1   4   0.0066457828
2   4   2   5   0.0032933815
2   4   3   6   0.0032933815

End IJAB Block
Begin ABCD Block
1   4   1   4   0.1983333073
1   4   2   5   0.0186626507
1   4   3   6   0.0186626507
1   5   1   5   0.1342479119
1   5   2   4   0.0186626507
1   6   1   6   0.1342479119
1   6   3   4   0.0186626507
2   4   1   5   0.0186626507
2   4   2   4   0.1342479119
2   5   1   4   0.0186626507
2   5   2   5   0.1300634011
2   5   3   6   0.0077629819
2   6   2   6   0.1145374373
2   6   3   5   0.0077629819
3   4   1   6   0.0186626507
3   4   3   4   0.1342479119
3   5   2   6   0.0077629819
3   5   3   5   0.1145374373
3   6   1   4   0.0186626507
3   6   2   5   0.0077629819
3   6   3   6   0.1300634011

End ABCD Block
Begin AIJB Block
1   3   1   4   0.0027697596
1   3   2   4   0.0005895480
1   4   1   4   0.0005895480
1   4   2   4   0.0066457828
2   3   1   5   0.0004074296
2   3   2   5   0.0004291996
2   4   1   5   0.0004291996
2   4   2   5   0.0032933815
3   3   1   6   0.0004074296
3   3   2   6   0.0004291996
3   4   1   6   0.0004291996
3   4   2   6   0.0032933815

1   3   3   1   -0.2189861942
1   3   4   1   0.0028289570
1   4   3   1   0.0028289570
1   4   4   1   -0.1519200667
2   3   3   2   -0.1551679042
2   3   4   2   0.0003892781
2   4   3   2   0.0003892781
2   4   4   2   -0.1381761948
3   3   3   3   -0.1551679042
3   3   4   3   0.0003892781
3   4   3   3   0.0003892781
3   4   4   3   -0.1381761948

End AIJB Block
Begin IJKA Block
1   3   1   4   -0.0471440536
1   3   2   4   0.0027982584
1   4   1   4   -0.0012312052
1   4   2   4   -0.0016027580
2   3   1   4   0.0027982584
2   3   2   4   -0.0056373679
2   4   1   4   -0.0016027580
2   4   2   4   -0.0389703843

End IJKA Block
Begin IABC Block
1   4   1   4   0.0013060228
1   4   2   5   0.0006325814
1   4   3   6   0.0006325814
1   5   1   5   0.0000769201
1   5   2   4   0.0006325814
1   6   1   6   0.0000769201
1   6   3   4   0.0006325814
2   4   1   4   0.0058756149
2   4   2   5   0.0045742391
2   4   3   6   0.0045742391
2   5   1   5   0.0018282682
2   5   2   4   0.0045742391
2   6   1   6   0.0018282682
2   6   3   4   0.0045742391

End IABC Block
