Begin IJ Block
1   1   -0.7832572207

End IJ Block
Begin IA Block
1   1   0.0384716975

End IA Block
Begin AB Block
1   1   -0.2982073880
2   2   -0.2382095291
3   3   -0.2382095291

End AB Block
Begin IJKL Block
1   2   1   2   0.4464491094

End IJKL Block
Begin IJAB Block
1   2   1   4   0.0109922380
1   2   2   5   0.0040614152
1   2   3   6   0.0040614152

End IJAB Block
Begin ABCD Block
1   4   1   4   0.1982408566
1   4   2   5   0.0186268807
1   4   3   6   0.0186268807
1   5   1   5   0.1342372206
1   5   2   4   0.0186200491
1   6   1   6   0.1342372206
1   6   3   4   0.0186200491
2   4   1   5   0.0186200491
2   4   2   4   0.1342372206
2   5   1   4   0.0186268807
2   5   2   5   0.1300632772
2   5   3   6   0.0077653797
2   6   2   6   0.1145384695
2   6   3   5   0.0077594279
3   4   1   6   0.0186200491
3   4   3   4   0.1342372206
3   5   2   6   0.0077594279
3   5   3   5   0.1145384695
3   6   1   4   0.0186268807
3   6   2   5   0.0077653797
3   6   3   6   0.1300632772

End ABCD Block
Begin AIJB Block
1   2   1   4   0.0066743899
2   2   1   5   0.0033228244
3   2   1   6   0.0033228244

1   2   2   1   -0.1530928143
2   2   2   2   -0.1384201017
3   2   2   3   -0.1384201017

End AIJB Block
Begin IJKA Block
1   2   1   4   -0.0397786388

End IJKA Block
Begin IABC Block
1   4   1   4   0.0054485551
1   4   2   5   0.0043178733
1   4   3   6   0.0043178733
1   5   1   5   0.0019472410
1   5   2   4   0.0045404941
1   6   1   6   0.0019472410
1   6   3   4   0.0045404941

End IABC Block
