&FCI NORB=  5,NELEC=  2,MS2=0,
 ORBSYM=1,1,1,1,1
 ISYM=1,
 IUHF=1,
&END
 0.1452742839     1     1     2     2
 0.0273587528     1     1     2     5
 0.1348828133     1     1     3     3
 0.1348828133     1     1     4     4
 0.0273587528     1     1     5     2
 0.1420271493     1     1     5     5
 -0.1452742839     1     2     2     1
 0.0025695648     1     2     2     5
 -0.0027459709     1     2     3     3
 -0.0027459709     1     2     4     4
 -0.0273587528     1     2     5     1
 -0.0001812693     1     2     5     5
 -0.1348828133     1     3     3     1
 0.0027459709     1     3     3     2
 0.0049429305     1     3     3     5
 -0.1348828133     1     4     4     1
 0.0027459709     1     4     4     2
 0.0049429305     1     4     4     5
 -0.0273587528     1     5     2     1
 -0.0025695648     1     5     2     2
 -0.0049429305     1     5     3     3
 -0.0049429305     1     5     4     4
 -0.1420271493     1     5     5     1
 0.0001812693     1     5     5     2
 -0.1452742839     2     1     1     2
 -0.0273587528     2     1     1     5
 -0.0027459709     2     1     3     3
 -0.0027459709     2     1     4     4
 0.0025695648     2     1     5     2
 -0.0001812693     2     1     5     5
 0.1452742839     2     2     1     1
 -0.0025695648     2     2     1     5
 0.1155852612     2     2     3     3
 0.1155852612     2     2     4     4
 -0.0025695648     2     2     5     1
 0.1119740243     2     2     5     5
 0.0027459709     2     3     3     1
 -0.1155852612     2     3     3     2
 -0.0092371110     2     3     3     5
 0.0027459709     2     4     4     1
 -0.1155852612     2     4     4     2
 -0.0092371110     2     4     4     5
 0.0273587528     2     5     1     1
 0.0025695648     2     5     1     2
 0.0092371110     2     5     3     3
 0.0092371110     2     5     4     4
 0.0001812693     2     5     5     1
 -0.1119740243     2     5     5     2
 -0.1348828133     3     1     1     3
 0.0027459709     3     1     2     3
 0.0049429305     3     1     5     3
 0.0027459709     3     2     1     3
 -0.1155852612     3     2     2     3
 -0.0092371110     3     2     5     3
 0.1348828133     3     3     1     1
 -0.0027459709     3     3     1     2
 -0.0049429305     3     3     1     5
 -0.0027459709     3     3     2     1
 0.1155852612     3     3     2     2
 0.0092371110     3     3     2     5
 0.1067744554     3     3     4     4
 -0.0049429305     3     3     5     1
 0.0092371110     3     3     5     2
 0.1023080394     3     3     5     5
 -0.1067744554     3     4     4     3
 0.0049429305     3     5     1     3
 -0.0092371110     3     5     2     3
 -0.1023080394     3     5     5     3
 -0.1348828133     4     1     1     4
 0.0027459709     4     1     2     4
 0.0049429305     4     1     5     4
 0.0027459709     4     2     1     4
 -0.1155852612     4     2     2     4
 -0.0092371110     4     2     5     4
 -0.1067744554     4     3     3     4
 0.1348828133     4     4     1     1
 -0.0027459709     4     4     1     2
 -0.0049429305     4     4     1     5
 -0.0027459709     4     4     2     1
 0.1155852612     4     4     2     2
 0.0092371110     4     4     2     5
 0.1067744554     4     4     3     3
 -0.0049429305     4     4     5     1
 0.0092371110     4     4     5     2
 0.1023080394     4     4     5     5
 0.0049429305     4     5     1     4
 -0.0092371110     4     5     2     4
 -0.1023080394     4     5     5     4
 -0.0273587528     5     1     1     2
 -0.1420271493     5     1     1     5
 -0.0025695648     5     1     2     2
 0.0001812693     5     1     2     5
 -0.0049429305     5     1     3     3
 -0.0049429305     5     1     4     4
 0.0273587528     5     2     1     1
 0.0001812693     5     2     1     5
 0.0025695648     5     2     2     1
 -0.1119740243     5     2     2     5
 0.0092371110     5     2     3     3
 0.0092371110     5     2     4     4
 0.0049429305     5     3     3     1
 -0.0092371110     5     3     3     2
 -0.1023080394     5     3     3     5
 0.0049429305     5     4     4     1
 -0.0092371110     5     4     4     2
 -0.1023080394     5     4     4     5
 0.1420271493     5     5     1     1
 -0.0001812693     5     5     1     2
 -0.0001812693     5     5     2     1
 0.1119740243     5     5     2     2
 0.1023080394     5     5     3     3
 0.1023080394     5     5     4     4
0.0 0 0 0 0
 0.1452742839     1     1     2     2
 0.0273587528     1     1     2     5
 0.1348828133     1     1     3     3
 0.1348828133     1     1     4     4
 0.0273587528     1     1     5     2
 0.1420271493     1     1     5     5
 -0.1452742839     1     2     2     1
 0.0025695648     1     2     2     5
 -0.0027459709     1     2     3     3
 -0.0027459709     1     2     4     4
 -0.0273587528     1     2     5     1
 -0.0001812693     1     2     5     5
 -0.1348828133     1     3     3     1
 0.0027459709     1     3     3     2
 0.0049429305     1     3     3     5
 -0.1348828133     1     4     4     1
 0.0027459709     1     4     4     2
 0.0049429305     1     4     4     5
 -0.0273587528     1     5     2     1
 -0.0025695648     1     5     2     2
 -0.0049429305     1     5     3     3
 -0.0049429305     1     5     4     4
 -0.1420271493     1     5     5     1
 0.0001812693     1     5     5     2
 -0.1452742839     2     1     1     2
 -0.0273587528     2     1     1     5
 -0.0027459709     2     1     3     3
 -0.0027459709     2     1     4     4
 0.0025695648     2     1     5     2
 -0.0001812693     2     1     5     5
 0.1452742839     2     2     1     1
 -0.0025695648     2     2     1     5
 0.1155852612     2     2     3     3
 0.1155852612     2     2     4     4
 -0.0025695648     2     2     5     1
 0.1119740243     2     2     5     5
 0.0027459709     2     3     3     1
 -0.1155852612     2     3     3     2
 -0.0092371110     2     3     3     5
 0.0027459709     2     4     4     1
 -0.1155852612     2     4     4     2
 -0.0092371110     2     4     4     5
 0.0273587528     2     5     1     1
 0.0025695648     2     5     1     2
 0.0092371110     2     5     3     3
 0.0092371110     2     5     4     4
 0.0001812693     2     5     5     1
 -0.1119740243     2     5     5     2
 -0.1348828133     3     1     1     3
 0.0027459709     3     1     2     3
 0.0049429305     3     1     5     3
 0.0027459709     3     2     1     3
 -0.1155852612     3     2     2     3
 -0.0092371110     3     2     5     3
 0.1348828133     3     3     1     1
 -0.0027459709     3     3     1     2
 -0.0049429305     3     3     1     5
 -0.0027459709     3     3     2     1
 0.1155852612     3     3     2     2
 0.0092371110     3     3     2     5
 0.1067744554     3     3     4     4
 -0.0049429305     3     3     5     1
 0.0092371110     3     3     5     2
 0.1023080394     3     3     5     5
 -0.1067744554     3     4     4     3
 0.0049429305     3     5     1     3
 -0.0092371110     3     5     2     3
 -0.1023080394     3     5     5     3
 -0.1348828133     4     1     1     4
 0.0027459709     4     1     2     4
 0.0049429305     4     1     5     4
 0.0027459709     4     2     1     4
 -0.1155852612     4     2     2     4
 -0.0092371110     4     2     5     4
 -0.1067744554     4     3     3     4
 0.1348828133     4     4     1     1
 -0.0027459709     4     4     1     2
 -0.0049429305     4     4     1     5
 -0.0027459709     4     4     2     1
 0.1155852612     4     4     2     2
 0.0092371110     4     4     2     5
 0.1067744554     4     4     3     3
 -0.0049429305     4     4     5     1
 0.0092371110     4     4     5     2
 0.1023080394     4     4     5     5
 0.0049429305     4     5     1     4
 -0.0092371110     4     5     2     4
 -0.1023080394     4     5     5     4
 -0.0273587528     5     1     1     2
 -0.1420271493     5     1     1     5
 -0.0025695648     5     1     2     2
 0.0001812693     5     1     2     5
 -0.0049429305     5     1     3     3
 -0.0049429305     5     1     4     4
 0.0273587528     5     2     1     1
 0.0001812693     5     2     1     5
 0.0025695648     5     2     2     1
 -0.1119740243     5     2     2     5
 0.0092371110     5     2     3     3
 0.0092371110     5     2     4     4
 0.0049429305     5     3     3     1
 -0.0092371110     5     3     3     2
 -0.1023080394     5     3     3     5
 0.0049429305     5     4     4     1
 -0.0092371110     5     4     4     2
 -0.1023080394     5     4     4     5
 0.1420271493     5     5     1     1
 -0.0001812693     5     5     1     2
 -0.0001812693     5     5     2     1
 0.1119740243     5     5     2     2
 0.1023080394     5     5     3     3
 0.1023080394     5     5     4     4
0.0 0 0 0 0
 0.4809403336     1     1     1     1
 -0.0389703843     1     1     1     2
 -0.0597369714     1     1     1     5
 -0.0389703843     1     1     2     1
 0.1519200667     1     1     2     2
 0.0353828193     1     1     2     5
 0.1381761948     1     1     3     3
 0.1381761948     1     1     4     4
 -0.0597369714     1     1     5     1
 0.0353828193     1     1     5     2
 0.1544304410     1     1     5     5
 -0.0389703843     1     2     1     1
 0.0066457828     1     2     1     2
 0.0080240665     1     2     1     5
 0.0066457828     1     2     2     1
 0.0058756149     1     2     2     2
 0.0006042355     1     2     2     5
 0.0018282682     1     2     3     3
 0.0018282682     1     2     4     4
 0.0080240665     1     2     5     1
 0.0006042355     1     2     5     2
 -0.0026267558     1     2     5     5
 0.0032933815     1     3     1     3
 0.0045742391     1     3     2     3
 0.0032933815     1     3     3     1
 0.0045742391     1     3     3     2
 0.0036092764     1     3     3     5
 0.0036092764     1     3     5     3
 0.0032933815     1     4     1     4
 0.0045742391     1     4     2     4
 0.0032933815     1     4     4     1
 0.0045742391     1     4     4     2
 0.0036092764     1     4     4     5
 0.0036092764     1     4     5     4
 -0.0597369714     1     5     1     1
 0.0080240665     1     5     1     2
 0.0124032917     1     5     1     5
 0.0080240665     1     5     2     1
 -0.0019653293     1     5     2     2
 -0.0024454865     1     5     2     5
 -0.0013336541     1     5     3     3
 -0.0013336541     1     5     4     4
 0.0124032917     1     5     5     1
 -0.0024454865     1     5     5     2
 -0.0041365089     1     5     5     5
 -0.0389703843     2     1     1     1
 0.0066457828     2     1     1     2
 0.0080240665     2     1     1     5
 0.0066457828     2     1     2     1
 0.0058756149     2     1     2     2
 0.0006042355     2     1     2     5
 0.0018282682     2     1     3     3
 0.0018282682     2     1     4     4
 0.0080240665     2     1     5     1
 0.0006042355     2     1     5     2
 -0.0026267558     2     1     5     5
 0.1519200667     2     2     1     1
 0.0058756149     2     2     1     2
 -0.0019653293     2     2     1     5
 0.0058756149     2     2     2     1
 0.1983333073     2     2     2     2
 0.0238400675     2     2     2     5
 0.1342479119     2     2     3     3
 0.1342479119     2     2     4     4
 -0.0019653293     2     2     5     1
 0.0238400675     2     2     5     2
 0.1273963682     2     2     5     5
 0.0045742391     2     3     1     3
 0.0186626507     2     3     2     3
 0.0045742391     2     3     3     1
 0.0186626507     2     3     3     2
 0.0052925817     2     3     3     5
 0.0052925817     2     3     5     3
 0.0045742391     2     4     1     4
 0.0186626507     2     4     2     4
 0.0045742391     2     4     4     1
 0.0186626507     2     4     4     2
 0.0052925817     2     4     4     5
 0.0052925817     2     4     5     4
 0.0353828193     2     5     1     1
 0.0006042355     2     5     1     2
 -0.0024454865     2     5     1     5
 0.0006042355     2     5     2     1
 0.0238400675     2     5     2     2
 0.0154223439     2     5     2     5
 0.0145296927     2     5     3     3
 0.0145296927     2     5     4     4
 -0.0024454865     2     5     5     1
 0.0154223439     2     5     5     2
 0.0102489333     2     5     5     5
 0.0032933815     3     1     1     3
 0.0045742391     3     1     2     3
 0.0032933815     3     1     3     1
 0.0045742391     3     1     3     2
 0.0036092764     3     1     3     5
 0.0036092764     3     1     5     3
 0.0045742391     3     2     1     3
 0.0186626507     3     2     2     3
 0.0045742391     3     2     3     1
 0.0186626507     3     2     3     2
 0.0052925817     3     2     3     5
 0.0052925817     3     2     5     3
 0.1381761948     3     3     1     1
 0.0018282682     3     3     1     2
 -0.0013336541     3     3     1     5
 0.0018282682     3     3     2     1
 0.1342479119     3     3     2     2
 0.0145296927     3     3     2     5
 0.1300634011     3     3     3     3
 0.1145374373     3     3     4     4
 -0.0013336541     3     3     5     1
 0.0145296927     3     3     5     2
 0.1108275619     3     3     5     5
 0.0077629819     3     4     3     4
 0.0077629819     3     4     4     3
 0.0036092764     3     5     1     3
 0.0052925817     3     5     2     3
 0.0036092764     3     5     3     1
 0.0052925817     3     5     3     2
 0.0085195225     3     5     3     5
 0.0085195225     3     5     5     3
 0.0032933815     4     1     1     4
 0.0045742391     4     1     2     4
 0.0032933815     4     1     4     1
 0.0045742391     4     1     4     2
 0.0036092764     4     1     4     5
 0.0036092764     4     1     5     4
 0.0045742391     4     2     1     4
 0.0186626507     4     2     2     4
 0.0045742391     4     2     4     1
 0.0186626507     4     2     4     2
 0.0052925817     4     2     4     5
 0.0052925817     4     2     5     4
 0.0077629819     4     3     3     4
 0.0077629819     4     3     4     3
 0.1381761948     4     4     1     1
 0.0018282682     4     4     1     2
 -0.0013336541     4     4     1     5
 0.0018282682     4     4     2     1
 0.1342479119     4     4     2     2
 0.0145296927     4     4     2     5
 0.1145374373     4     4     3     3
 0.1300634011     4     4     4     4
 -0.0013336541     4     4     5     1
 0.0145296927     4     4     5     2
 0.1108275619     4     4     5     5
 0.0036092764     4     5     1     4
 0.0052925817     4     5     2     4
 0.0036092764     4     5     4     1
 0.0052925817     4     5     4     2
 0.0085195225     4     5     4     5
 0.0085195225     4     5     5     4
 -0.0597369714     5     1     1     1
 0.0080240665     5     1     1     2
 0.0124032917     5     1     1     5
 0.0080240665     5     1     2     1
 -0.0019653293     5     1     2     2
 -0.0024454865     5     1     2     5
 -0.0013336541     5     1     3     3
 -0.0013336541     5     1     4     4
 0.0124032917     5     1     5     1
 -0.0024454865     5     1     5     2
 -0.0041365089     5     1     5     5
 0.0353828193     5     2     1     1
 0.0006042355     5     2     1     2
 -0.0024454865     5     2     1     5
 0.0006042355     5     2     2     1
 0.0238400675     5     2     2     2
 0.0154223439     5     2     2     5
 0.0145296927     5     2     3     3
 0.0145296927     5     2     4     4
 -0.0024454865     5     2     5     1
 0.0154223439     5     2     5     2
 0.0102489333     5     2     5     5
 0.0036092764     5     3     1     3
 0.0052925817     5     3     2     3
 0.0036092764     5     3     3     1
 0.0052925817     5     3     3     2
 0.0085195225     5     3     3     5
 0.0085195225     5     3     5     3
 0.0036092764     5     4     1     4
 0.0052925817     5     4     2     4
 0.0036092764     5     4     4     1
 0.0052925817     5     4     4     2
 0.0085195225     5     4     4     5
 0.0085195225     5     4     5     4
 0.1544304410     5     5     1     1
 -0.0026267558     5     5     1     2
 -0.0041365089     5     5     1     5
 -0.0026267558     5     5     2     1
 0.1273963682     5     5     2     2
 0.0102489333     5     5     2     5
 0.1108275619     5     5     3     3
 0.1108275619     5     5     4     4
 -0.0041365089     5     5     5     1
 0.0102489333     5     5     5     2
 0.1190610097     5     5     5     5
0.0 0 0 0 0
 -0.7822651525     1     1     0     0
 0.0389703843     1     2     0     0
 0.0597369714     1     5     0     0
 0.0389703843     2     1     0     0
 -0.2972371721     2     2     0     0
 -0.0627415721     2     5     0     0
 -0.2380402889     3     3     0     0
 -0.2380402889     4     4     0     0
 0.0597369714     5     1     0     0
 -0.0627415721     5     2     0     0
 -0.2214197701     5     5     0     0
0.0 0 0 0 0
 -0.7822651525     1     1     0     0
 0.0389703843     1     2     0     0
 0.0597369714     1     5     0     0
 0.0389703843     2     1     0     0
 -0.2972371721     2     2     0     0
 -0.0627415721     2     5     0     0
 -0.2380402889     3     3     0     0
 -0.2380402889     4     4     0     0
 0.0597369714     5     1     0     0
 -0.0627415721     5     2     0     0
 -0.2214197701     5     5     0     0
-6.9030427026 0 0 0 0
