Begin IJ Block
1   1   -0.7822651525

End IJ Block
Begin IA Block
1   1   0.0389703843
1   4   0.0597369714

End IA Block
Begin AB Block
1   1   -0.2972371721
1   4   -0.0627415721
2   2   -0.2380402889
3   3   -0.2380402889
4   4   -0.2214197701

End AB Block
Begin IJKL Block
1   2   1   2   0.4809403336

End IJKL Block
Begin IJAB Block
1   2   1   5   0.0066457828
1   2   1   8   0.0080240665
1   2   2   6   0.0032933815
1   2   3   7   0.0032933815
1   2   4   5   0.0080240665
1   2   4   8   0.0124032917

End IJAB Block
Begin ABCD Block
1   5   1   5   0.1983333073
1   5   1   8   0.0238400675
1   5   2   6   0.0186626507
1   5   3   7   0.0186626507
1   5   4   5   0.0238400675
1   5   4   8   0.0154223439
1   6   1   6   0.1342479119
1   6   2   5   0.0186626507
1   6   2   8   0.0052925817
1   6   4   6   0.0145296927
1   7   1   7   0.1342479119
1   7   3   5   0.0186626507
1   7   3   8   0.0052925817
1   7   4   7   0.0145296927
1   8   1   5   0.0238400675
1   8   1   8   0.1273963682
1   8   2   6   0.0052925817
1   8   3   7   0.0052925817
1   8   4   5   0.0154223439
1   8   4   8   0.0102489333
2   5   1   6   0.0186626507
2   5   2   5   0.1342479119
2   5   2   8   0.0145296927
2   5   4   6   0.0052925817
2   6   1   5   0.0186626507
2   6   1   8   0.0052925817
2   6   2   6   0.1300634011
2   6   3   7   0.0077629819
2   6   4   5   0.0052925817
2   6   4   8   0.0085195225
2   7   2   7   0.1145374373
2   7   3   6   0.0077629819
2   8   1   6   0.0052925817
2   8   2   5   0.0145296927
2   8   2   8   0.1108275619
2   8   4   6   0.0085195225
3   5   1   7   0.0186626507
3   5   3   5   0.1342479119
3   5   3   8   0.0145296927
3   5   4   7   0.0052925817
3   6   2   7   0.0077629819
3   6   3   6   0.1145374373
3   7   1   5   0.0186626507
3   7   1   8   0.0052925817
3   7   2   6   0.0077629819
3   7   3   7   0.1300634011
3   7   4   5   0.0052925817
3   7   4   8   0.0085195225
3   8   1   7   0.0052925817
3   8   3   5   0.0145296927
3   8   3   8   0.1108275619
3   8   4   7   0.0085195225
4   5   1   5   0.0238400675
4   5   1   8   0.0154223439
4   5   2   6   0.0052925817
4   5   3   7   0.0052925817
4   5   4   5   0.1273963682
4   5   4   8   0.0102489333
4   6   1   6   0.0145296927
4   6   2   5   0.0052925817
4   6   2   8   0.0085195225
4   6   4   6   0.1108275619
4   7   1   7   0.0145296927
4   7   3   5   0.0052925817
4   7   3   8   0.0085195225
4   7   4   7   0.1108275619
4   8   1   5   0.0154223439
4   8   1   8   0.0102489333
4   8   2   6   0.0085195225
4   8   3   7   0.0085195225
4   8   4   5   0.0102489333
4   8   4   8   0.1190610097

End ABCD Block
Begin AIJB Block
1   2   1   5   0.0066457828
1   2   1   8   0.0080240665
2   2   1   6   0.0032933815
3   2   1   7   0.0032933815
4   2   1   5   0.0080240665
4   2   1   8   0.0124032917

1   2   2   1   -0.1519200667
1   2   2   4   -0.0353828193
2   2   2   2   -0.1381761948
3   2   2   3   -0.1381761948
4   2   2   1   -0.0353828193
4   2   2   4   -0.1544304410

End AIJB Block
Begin IJKA Block
1   2   1   5   -0.0389703843
1   2   1   8   -0.0597369714

End IJKA Block
Begin IABC Block
1   5   1   5   0.0058756149
1   5   1   8   0.0006042355
1   5   2   6   0.0045742391
1   5   3   7   0.0045742391
1   5   4   5   -0.0019653293
1   5   4   8   -0.0024454865
1   6   1   6   0.0018282682
1   6   2   5   0.0045742391
1   6   2   8   0.0036092764
1   6   4   6   -0.0013336541
1   7   1   7   0.0018282682
1   7   3   5   0.0045742391
1   7   3   8   0.0036092764
1   7   4   7   -0.0013336541
1   8   1   5   0.0006042355
1   8   1   8   -0.0026267558
1   8   2   6   0.0036092764
1   8   3   7   0.0036092764
1   8   4   5   -0.0024454865
1   8   4   8   -0.0041365089

End IABC Block
